Res: (480x270) Samples: 8 L Rate: 1e-07,
21851.1,
25910.1,
20522.3,
33592.3,
18440.7,
24370.4,
24571.3,
21039.4,
13388.7,
18616.1,
18122.1,
17088.9,
10571.2,
12975.9,
13719.3,
14156.6,
23474.3,
12858.7,
8712.33,
8947.41,
8163.16,
10833.8,
11204.4,
10916.2,
9657.44,
7419.75,
6853.9,
6926.4,
10961.5,
10963.6,
6614.18,
9592.71,
6895.6,
7614.84,
6648.8,
14786.9,
9280.66,
6333.67,
8766.87,
8599.7,
8208.77,
8077.76,
5726.1,
7922.72,
5406.26,
5010.77,
8409.85,
5743.09,
8570.14,
5192.56,
6036.42,
4871.19,
8776.48,
5538.48,
7487.88,
5012.94,
7296.63,
8611.17,
7336.4,
7738.62,
8754.79,
6828.56,
5112.37,
5409.95,
7909.76,
4534,
5205.23,
4569.9,
5832.9,
4947.08,
4279.47,
5828.55,
6538.71,
4822.54,
4859.54,
4796.51,
3797.75,
5365.74,
6508.58,
4446.17,
4308.9,
6162.85,
4310.67,
4284.31,
5850.13,
6429.29,
4549.8,
4050.06,
4181.05,
4276.6,
5605.7,
3835.67,
4338.33,
5994.5,
6203.3,
5892.3,
6212.27,
4996.14,
5608.66,
4196.25,
63454
