Res: (480x270) Samples: 8 L Rate: 1e-08,
392076,
388224,
393414,
390806,
389236,
387817,
388709,
379597,
373562,
378037,
377183,
378659,
379846,
380553,
371102,
372828,
369739,
372570,
365868,
367105,
358524,
361841,
363130,
364171,
365025,
358170,
353983,
351300,
345725,
343535,
342225,
339243,
337298,
332765,
332107,
334339,
327310,
325352,
320875,
316567,
316888,
315186,
316694,
313648,
319259,
307037,
310390,
303132,
294128,
292324,
291044,
287566,
288622,
286608,
287406,
281891,
275600,
273286,
270248,
263740,
264137,
269143,
261642,
261958,
254478,
256572,
252202,
249171,
243334,
244702,
243338,
245196,
239677,
234771,
230635,
235150,
229432,
224883,
224331,
219311,
222775,
217554,
216690,
215046,
215594,
214479,
210999,
209060,
205223,
202060,
202851,
199800,
202858,
196547,
195828,
197582,
195606,
196397,
195613,
190827,
188151,
188271,
186502,
186492,
183337,
188733,
180897,
179705,
183105,
179568,
178210,
178851,
170459,
173177,
170131,
171654,
170805,
169854,
167959,
162938,
167735,
166745,
163235,
163943,
159824,
159017,
162673,
162308,
164118,
154813,
153907,
158590,
152062,
152978,
154943,
152889,
148715,
150408,
151675,
151104,
152021,
150708,
148646,
147313,
145226,
145510,
151260,
144634,
141819,
145738,
144851,
143027,
139977,
141975,
138686,
138664,
139883,
136525,
138232,
138729,
136288,
135333,
136249,
140864,
135478,
133789,
132103,
134428,
134297,
132670,
130471,
129106,
128597,
132139,
128944,
127740,
129036,
129702,
127752,
128416,
128169,
123916,
124926,
123397,
122598,
123894,
124210,
123047,
122136,
124812,
121816,
120327,
121551,
123838,
119352,
122200,
121313,
120961,
119471,
117725,
118757,
116364,
118935,
123099,
117949,
114645,
116266,
115963,
115934,
115237,
116535,
115049,
115076,
119090,
118162,
114250,
113717,
112215,
116052,
111761,
112004,
110789,
113929,
111950,
110774,
110713,
109949,
108293,
111302,
110983,
107731,
110164,
109398,
108406,
107439,
109985,
108040,
110749,
107931,
108045,
106939,
106504,
104733,
106274,
108072,
106191,
104718,
105201,
106637,
105856,
102298,
104288,
102117,
103440,
104009,
102597,
100606,
100429,
102481,
104483,
103453,
101741,
103921,
101949,
100589,
99488.8,
98185.6,
99479.6,
99256.6,
100253,
98376.6,
100893,
98581.8,
97702.7,
98298.3,
98288.7,
96775.5,
96535.8,
99068.8,
96883.4,
96738.4,
98429,
97088.1,
97115.4,
93881.6,
94717.4,
95445.7,
97067.8,
95580.8,
99118.3,
95152.7,
95658.2,
95055.8,
95420,
96307.1,
95059,
94562.3,
93170.8,
95695.3,
91548.9,
95239.5,
93444,
92251.7,
91012.6,
94674.8,
92977.8,
92819.5,
92802.4,
92967.6,
91710.1,
90455.4,
91441,
92505.1,
91472.8,
90487.3,
90111.6,
89299.8,
90038.9,
90384.1,
92580.4,
90696.7,
93127.3,
89667,
88964.3,
89507.2,
91175.3,
90198.4,
90389.2,
90993.3,
89014.8,
88228.9,
88869.4,
88738.8,
87702.1,
86932.1,
86442.1,
86365.5,
87089.7,
88120.8,
87680.4,
88907.1,
86182.3,
90990.6,
86748.5,
87283.6,
85092,
89990.4,
89719.6,
88236.4,
86034.2,
87300.5,
88309.3,
85863.5,
86576.9,
87169.9,
85690.5,
86076.6,
87513.4,
85847.1,
84534.8,
85924.6,
84739,
86088.7,
82627.6,
83359.1,
83583.3,
82736.3,
85952.1,
85122.1,
86126.6,
84435.8,
85915.5,
84863.4,
84909.8,
82921.3,
81636.2,
83527.9,
83513.8,
83418.4,
84165.4,
81335.3,
81211.8,
83424.2,
80128,
84199.9,
86523.6,
85171.3,
82950.3,
81739.6,
83177.5,
81392.7,
80981.1,
82274.5,
81216.2,
81584.8,
80349.9,
79139.5,
80300.3,
79283.3,
82485.3,
82844,
83338.1,
80736,
80035.6,
81198.5,
81594,
79726.8,
79012.1,
81179.9,
81981.6,
79259,
79195.7,
79172.2,
78703,
78906.4,
78555.9,
78740.4,
78002.2,
80095,
78169.8,
80748.3,
79140.7,
78831.5,
78217.1,
77880.3,
79300.3,
79467,
78529.2,
80860.7,
77697.4,
79826.6,
76805.3,
78038.2,
76457.8,
77434.1,
77795.6,
77486.2,
76465.5,
77166.3,
77341,
75781.1,
77795.1,
76227.5,
75694.1,
75769.8,
76734,
76809.7,
77862.1,
76410.8,
76236.1,
76735.9,
76342.9,
76821.8,
75884.2,
74086.2,
75050.6,
74538.1,
75922.9,
74529.7,
76984.2,
75369.6,
76087.6,
74692.6,
72986,
75826.4,
74174.7,
73913.9,
74437.1,
75684.1,
74596.3,
73810.4,
72620.3,
74069.2,
74191.5,
76833.3,
73887.6,
74353.3,
73012.6,
75087.9,
72452.2,
73664.7,
74300.7,
73263.9,
74169.8,
73033.1,
73420.2,
72244.9,
73789,
75437.2,
74163.6,
71653.1,
73339.6,
70924.3,
73417,
72786.2,
74219,
71941.5,
73808.4,
72627.1,
73504.4,
74059.2,
72347.6,
70792.6,
73852.6,
72562,
74034.7,
72074.8,
72024.8,
70579.8,
70773.6,
72993.5,
73042,
72379.2,
72381.5,
73579.8,
72830.9,
71808.5,
72035.4,
71099.3,
70401.1,
69932.3,
71249,
68969.7,
70632,
70443.4,
70426.3,
71093.8,
70958.5,
73185.8,
71475.7,
70486.1,
70318.4,
70815,
71713.8,
72487.2,
70940,
69862.2,
72306.8,
70897.9,
70175.6,
70548.2,
70986.3,
70186.5,
69593.6,
70702,
71094.7,
69543.7,
70183.8,
70621,
70696.4,
69165.6,
70026.1,
71844.4,
69065.2,
70162.9,
68198.8,
70959,
68194.5,
70645.6,
68778.2,
68995.7,
67585.4,
69189.9,
67509.3,
71282.6,
69317.8,
69714.7,
68341.1,
68493.3,
69085.6,
68844.2,
68703.1,
68906.3,
68752.2,
68819.3,
67749.5,
67460.5,
71162.2,
68913.9,
68920.2,
68345.1,
69463,
69398.3,
69238.4,
67815.8,
69047.4,
67148.1,
67468.2,
68505.1,
67838,
67476,
69634.7,
68466.2,
68656.2,
68502.4,
66940.9,
67803.5,
66231.9,
67365.6,
66999.6,
66717.8,
67843.2,
67436,
66849.8,
66913.6,
66305.5,
67217.6,
65462.1,
70855.5,
66269.2,
68179.5,
67124.8,
65172.4,
67411.5,
67066.1,
67688.8,
66697.8,
65335.8,
67967.1,
66090,
67953.5,
66122.3,
66323,
65802.7,
65564.8,
66199.1,
65945.3,
68003,
67069.5,
66727,
64897.2,
67921.7,
65664.2,
67683.3,
66462,
65348.6,
64678.6,
64290.3,
64169.4,
66455.8,
66533.3,
66204.9,
67318,
65189.3,
64937.5,
66370.7,
66304.1,
65372.2,
65850.4,
65944.2,
65439.3,
65606,
64872.4,
64812,
63762.9,
63729,
64917.6,
65792.6,
65781.5,
65919,
63531.3,
62852.8,
64755.8,
64871.3,
64652.7,
66670.7,
65326.1,
63841.6,
65120.3,
63515.1,
64068.3,
64756.7,
64551.3,
65108.6,
65557.4,
65637.3,
64308.9,
65823,
64213.6,
62679.1,
64434.2,
63846.6,
63439.8,
64692.1,
64977.9,
65190.6,
64713.3,
64434.5,
63990.9,
65533.6,
64447.6,
63422.1,
63571,
63118.3,
63609.9,
64800.5,
63472.5,
64276.3,
64098.5,
63365,
65186.1,
63654.4,
62654.5,
65050.8,
62826.8,
61481.1,
63366.7,
63002.8,
62839.1,
63267.1,
65156,
65249.6,
64365.1,
65255.2,
62613.5,
61996,
64868,
63327.8,
63112.5,
65555.7,
62925.5,
63548.4,
62174.8,
61671.1,
62126.7,
62518.6,
64346.6,
62418.1,
63925.1,
63504.6,
64174.6,
64598.2,
62301.5,
61857.5,
62835.5,
64684.2,
63261.9,
61377.1,
62697.5,
65089.8,
61808.7,
63739.2,
62618.5,
61683.2,
63629.5,
63058.1,
61650.1,
62303.1,
63553.4,
61334.7,
62660.1,
63553.5,
62036.5,
63695.3,
65497.9,
61504.5,
61942.3,
62310.7,
62303.3,
63309,
62093.5,
62502.3,
62539.9,
62051,
61763.8,
61232.1,
61580.8,
61748.2,
61273,
61330.1,
60662.9,
63043.7,
61868.7,
60926.8,
61877.9,
63056.6,
61675.2,
63183.1,
60795.4,
60902.3,
61769.3,
61666.2,
59639.7,
63263,
61011.9,
60962.6,
61664.6,
62686.1,
60604.1,
62065.8,
61104.5,
61104.2,
64430.8,
61353.9,
60917.1,
62527.6,
61023.8,
61765.1,
61722.4,
60889.4,
61763.6,
60856.2,
60879.5,
60524.1,
60571.1,
61876.7,
62055.3,
60900.4,
61096.8,
61114.4,
60912.1,
59474.2,
58931.1,
60637.6,
60705,
60808.3,
59513.3,
61654.6,
60365.8,
62042,
62098.6,
60567.6,
61334.1,
61193,
62789.7,
59153.6,
60117.7,
61221.7,
59635.3,
60093.5,
60091.9,
58664.2,
61645.6,
60855.1,
60262.6,
60480.3,
60077.4,
60390.2,
59186.3,
58983.9,
59656.1,
58311.8,
62797.7,
58565.4,
60620.1,
59753.5,
59376.9,
59713.5,
58725.4,
59106.4,
59849.5,
58420.2,
60038.5,
59653.2,
59840.8,
58057.5,
60176.3,
59502.4,
60908,
59635.2,
59896.7,
58902.3,
60262.4,
60016.7,
66892.3,
60603.4,
59208.3,
58858,
58293.3,
59780,
59143.1,
59644.6,
60429.8,
58202.6,
59990.2,
60281.2,
59968.8,
59140.3,
58865.1,
60384.4,
61196,
58111.8,
61181.5,
58219.3,
59404.6,
59306.6,
61688.4,
60045.1,
59048.6,
58922.1,
58531.7,
58894,
58811.9,
58471.3,
58682.2,
59063.3,
60519.7,
59329.7,
59620.4,
59192.8,
59298.6,
58678.6,
60288.6,
58214.2,
58832.7,
59525.5,
58311.9,
60635.4,
58783.6,
58638.7,
59514.5,
58887,
60568.4,
58028.4,
58862.7,
57781.1,
58331.8,
58054.7,
59028.9,
59535.8,
57223.9,
59536.4,
57588.5,
59498.8,
60036.4,
57758.8,
58512.5,
58270.6,
58746.7,
60024.8,
56879.7,
57227.9,
59424.2,
59927.4,
60556.4,
57793.2,
57137.7,
57754.9,
58458.2,
57227.9,
58962.3,
59047.4,
59136.6,
59762.2,
57578.9,
57974.2,
58296.3,
57936.8,
56501.7,
58454.3,
59343,
57673.2,
59583.8,
57586.9,
57863.9,
57369.3,
57933,
55741.4,
57020.9,
58120.2,
57867.5,
56992.4,
58139.9,
58007.2,
57930.8,
56452.9,
57198.2,
60028.6,
57301.3,
56651.5,
57203.7,
56547.1,
57313.9,
59304.1,
56669.2,
56420.9,
56539.5,
57923.5,
58540.5,
58810.4,
61222,
56535.1,
57864.2,
56988.6,
57052.6,
57396.5,
57559.5,
56561.4,
58111.5,
56845.3,
57513.3,
58638.3,
56496.7,
56608,
58077.6,
58180.1,
55776.4,
56524,
57706.8,
57009.3,
55940.8,
58685.3,
57743.6,
57811.8,
57678.4,
56588.7,
56703.6,
57670.5,
56846.8,
55669.9,
58944.9,
56160.3,
56118.9,
56336.7,
55371.5,
55577.3,
55825.8,
58014.6,
57121.1,
58930.4,
56619.3,
57872.1,
56982.5,
58050.6,
55338.5,
55801.7,
57957.3,
56043.1,
57903.8,
56547.5,
56752.6,
57029.4,
56257.1,
56124.9,
56174.1,
56840.8,
56364.3,
54748.7,
56772.1,
55333.5,
56496.3,
55820.7,
56379.3,
55934.2,
56738.8,
55220.1,
56171.9,
57585.3,
56615.1,
56021.2,
56421.9,
55381.1,
55748.1,
56393.5,
55372.9,
55675.2,
56229.1,
57277,
56065.5,
56311.8,
56756.9,
56693.8,
57115.1,
56685.9,
56359.9,
56788.2,
54288.9,
55789.1,
55239.3,
57307.3,
55906.6,
56309.2,
55446.2,
55491.3,
56600.8,
56928.5,
54709.5,
56913.8,
55418.8,
56296.9,
55603.6,
56246.1,
56294.6,
55600.4,
54559,
54428.8,
55311,
56135.7,
55883.5,
54739.9,
55696.2,
57251.2,
54598.3,
58278,
54673.7,
55741.4,
57283.1,
55295.4,
55709.2,
54461.1,
55535.8,
56155.1,
53972.3,
55942.3,
55767.7,
55326.9,
57026.4,
56598.4,
56396.3,
55727,
54681.9,
55802.2,
56739.9,
54974.4,
55224.2,
55801.6,
55814.1,
55233.8,
55762.6,
55395.8,
55050.2,
55093.4,
56073,
53821.7,
55821.6,
57531.3,
55825.7,
56656.8,
55123,
55832.6,
54853.9,
56512.8,
55766.9,
54780.9,
54615.5,
56127.3,
54407.9,
55888.3,
53308.1,
55165.9,
56298.8,
54957.4,
53418.8,
55432.3,
56369,
54971.6,
55534,
54859.4,
55884.9,
54494.1,
54176.4,
54222.1,
56353.2,
57623.9,
54305.3,
55123.6,
53425.6,
57202.5,
55550.8,
54367.9,
55202.5,
56364.9,
55042.7,
55635.8,
55223.7,
53731.1,
55969.4,
53373.5,
54968.5,
55438.2,
54807.5,
53764.3,
54139.4,
55342.5,
54417.3,
56294.3,
53803.5,
52772.5,
57474,
55165.9,
55496.6,
53743.3,
53934.9,
54085.4,
55242.5,
54642,
53760.8,
54386.5,
55960.2,
56615,
54885.5,
54720.9,
52709.5,
53737.5,
55764.7,
55666.5,
53652.8,
55315.4,
53641.4,
55506.6,
52849,
55101.1,
53721.6,
53908.8,
52900.7,
54153.7,
53158,
53724.2,
52237.5,
54027.7,
53724,
51841.9,
51923,
51980.6,
52346.5,
52347.7
