Res: (397x223) Samples: 4 L Rate: 0.0001,
60129,
89573.1,
32525.6,
35516.9,
34693.1,
36709.1,
33698,
70761.5,
48937.6,
30608.5,
30601.1,
49055.9,
31544.2,
35465.7,
31567.9,
33375.4,
91006.5,
29561.3,
32422,
38175.6,
38380.7,
91855.8,
39506.4,
54411.1,
32284.7,
86353.5,
93432,
53563.3,
32456.3,
52794.7,
93562.6,
34675.6,
31528.9,
66763.6,
56086.2,
32979.7,
90128.4,
32372.7,
90385.2,
85939.1,
92979.4,
38271.6,
32315.5,
83233.6,
99530.3,
50409.6,
35953.2,
69089.1,
32012.6,
38025.4,
96268.8,
38734.2,
38929.2,
50643.2,
52997,
33912.7,
36537.3,
33351.1,
37224.9,
34097.2,
39294.7,
34247.4,
94441.3,
